{
  "nbformat": 4,
  "nbformat_minor": 0,
  "metadata": {
    "colab": {
      "provenance": []
    },
    "kernelspec": {
      "name": "python3",
      "display_name": "Python 3"
    },
    "language_info": {
      "name": "python"
    }
  },
  "cells": [
    {
      "cell_type": "code",
      "execution_count": null,
      "metadata": {
        "id": "dTrzBhF2k6L8"
      },
      "outputs": [],
      "source": [
        "sentences=[\n",
        "     \"India is the 4th largest economy in the world.\",\n",
        "     \"India has a huge population of 1.4 billion people making it the world's most populated country surpassing China.\",\n",
        "     \"India is highly advance in Science and Technology.\",\n",
        "\n",
        "     \"Football is a good and interesting sport.\",\n",
        "     \"I grew up watching football.\",\n",
        "\n",
        "     \"India is emerging in the field of VLSI.\",\n",
        "     \"VLSI is the manufacturing of semiconductors used in all electronic devices.\"\n",
        "     ]\n",
        "\n"
      ]
    },
    {
      "cell_type": "code",
      "source": [
        "#importing libraries\n",
        "import numpy as np\n",
        "import pandas as pd\n",
        "from sklearn.feature_extraction.text import CountVectorizer  #TF-BoW\n",
        "from sklearn.feature_extraction.text import TfidfVectorizer  #TF-IDF\n",
        "from sklearn.metrics.pairwise import cosine_similarity"
      ],
      "metadata": {
        "id": "0yHrid6Nm6FG"
      },
      "execution_count": null,
      "outputs": []
    },
    {
      "cell_type": "code",
      "source": [
        "#Embeddings using TF-BoW approach\n",
        "tf_vectorizer = CountVectorizer()\n",
        "tf_matrix = tf_vectorizer.fit_transform(sentences)\n"
      ],
      "metadata": {
        "id": "s_cX5cPKn58k"
      },
      "execution_count": null,
      "outputs": []
    },
    {
      "cell_type": "code",
      "source": [
        "tf_matrix"
      ],
      "metadata": {
        "colab": {
          "base_uri": "https://localhost:8080/"
        },
        "id": "LUSA671RokJp",
        "outputId": "29205db7-94a7-4c10-8e13-2c51bc543a5b"
      },
      "execution_count": null,
      "outputs": [
        {
          "output_type": "execute_result",
          "data": {
            "text/plain": [
              "<Compressed Sparse Row sparse matrix of dtype 'int64'\n",
              "\twith 61 stored elements and shape (7, 42)>"
            ]
          },
          "metadata": {},
          "execution_count": 34
        }
      ]
    },
    {
      "cell_type": "code",
      "source": [
        "tf_similarity=cosine_similarity(tf_matrix)\n",
        "tf_similarity"
      ],
      "metadata": {
        "colab": {
          "base_uri": "https://localhost:8080/"
        },
        "id": "lQXI4XG2ppl5",
        "outputId": "897ffe1b-6d88-476d-899e-af5ca58dfefe"
      },
      "execution_count": null,
      "outputs": [
        {
          "output_type": "execute_result",
          "data": {
            "text/plain": [
              "array([[1.        , 0.30151134, 0.31980107, 0.12309149, 0.        ,\n",
              "        0.53300179, 0.36363636],\n",
              "       [0.30151134, 1.        , 0.08838835, 0.        , 0.        ,\n",
              "        0.26516504, 0.15075567],\n",
              "       [0.31980107, 0.08838835, 1.        , 0.28867513, 0.        ,\n",
              "        0.375     , 0.21320072],\n",
              "       [0.12309149, 0.        , 0.28867513, 1.        , 0.20412415,\n",
              "        0.14433757, 0.12309149],\n",
              "       [0.        , 0.        , 0.        , 0.20412415, 1.        ,\n",
              "        0.        , 0.        ],\n",
              "       [0.53300179, 0.26516504, 0.375     , 0.14433757, 0.        ,\n",
              "        1.        , 0.53300179],\n",
              "       [0.36363636, 0.15075567, 0.21320072, 0.12309149, 0.        ,\n",
              "        0.53300179, 1.        ]])"
            ]
          },
          "metadata": {},
          "execution_count": 35
        }
      ]
    },
    {
      "cell_type": "code",
      "source": [
        "#Embeddings using TF-IDF approach\n",
        "tfidf_vectorizer = TfidfVectorizer()\n",
        "tfidf_matrix = tfidf_vectorizer.fit_transform(sentences)\n"
      ],
      "metadata": {
        "id": "wHqrNiGQqjdN"
      },
      "execution_count": null,
      "outputs": []
    },
    {
      "cell_type": "code",
      "source": [
        "tfidf_matrix"
      ],
      "metadata": {
        "colab": {
          "base_uri": "https://localhost:8080/"
        },
        "id": "2OShgnKYq-Fc",
        "outputId": "5fa6d005-ef27-425b-91d2-2db810bc82b4"
      },
      "execution_count": null,
      "outputs": [
        {
          "output_type": "execute_result",
          "data": {
            "text/plain": [
              "<Compressed Sparse Row sparse matrix of dtype 'float64'\n",
              "\twith 61 stored elements and shape (7, 42)>"
            ]
          },
          "metadata": {},
          "execution_count": 37
        }
      ]
    },
    {
      "cell_type": "code",
      "source": [
        "tfidf_similarity=cosine_similarity(tfidf_matrix)\n",
        "tfidf_similarity"
      ],
      "metadata": {
        "colab": {
          "base_uri": "https://localhost:8080/"
        },
        "id": "wigEINnXrAlV",
        "outputId": "c5b912d3-955a-40aa-d78f-149d015f1d43"
      },
      "execution_count": null,
      "outputs": [
        {
          "output_type": "execute_result",
          "data": {
            "text/plain": [
              "array([[1.        , 0.19559463, 0.17524162, 0.05387136, 0.        ,\n",
              "        0.33640098, 0.19906855],\n",
              "       [0.19559463, 1.        , 0.04240862, 0.        , 0.        ,\n",
              "        0.15720461, 0.08233332],\n",
              "       [0.17524162, 0.04240862, 1.        , 0.18935522, 0.        ,\n",
              "        0.20389397, 0.09750971],\n",
              "       [0.05387136, 0.        , 0.18935522, 1.        , 0.16602164,\n",
              "        0.06267944, 0.04693665],\n",
              "       [0.        , 0.        , 0.        , 0.16602164, 1.        ,\n",
              "        0.        , 0.        ],\n",
              "       [0.33640098, 0.15720461, 0.20389397, 0.06267944, 0.        ,\n",
              "        1.        , 0.3633318 ],\n",
              "       [0.19906855, 0.08233332, 0.09750971, 0.04693665, 0.        ,\n",
              "        0.3633318 , 1.        ]])"
            ]
          },
          "metadata": {},
          "execution_count": 38
        }
      ]
    },
    {
      "cell_type": "code",
      "source": [
        "#finding out the document similarity\n",
        "def doc_sim(similarity_matrix,sentences):\n",
        "  for i in range(len(sentences)):\n",
        "    sims=similarity_matrix[i].copy()\n",
        "    sims[i]=-1         #excludes the sentences that is being compared with the rest of the sentences\n",
        "    top_index=np.argmax(sims)\n",
        "    print(sentences[i],\"--->\",sentences[top_index])"
      ],
      "metadata": {
        "id": "uiGqBxt1rllC"
      },
      "execution_count": null,
      "outputs": []
    },
    {
      "cell_type": "code",
      "source": [
        "doc_sim(tfidf_similarity,sentences)"
      ],
      "metadata": {
        "colab": {
          "base_uri": "https://localhost:8080/"
        },
        "id": "_YVf7MS0ugtj",
        "outputId": "e2f566d0-2d2d-45c5-fefd-cffbcfb7adcb"
      },
      "execution_count": null,
      "outputs": [
        {
          "output_type": "stream",
          "name": "stdout",
          "text": [
            "India is the 4th largest economy in the world. ---> India is emerging in the field of VLSI.\n",
            "India has a huge population of 1.4 billion people making it the world's most populated country surpassing China. ---> India is the 4th largest economy in the world.\n",
            "India is highly advance in Science and Technology. ---> India is emerging in the field of VLSI.\n",
            "Football is a good and interesting sport. ---> India is highly advance in Science and Technology.\n",
            "I grew up watching football. ---> Football is a good and interesting sport.\n",
            "India is emerging in the field of VLSI. ---> VLSI is the manufacturing of semiconductors used in all electronic devices.\n",
            "VLSI is the manufacturing of semiconductors used in all electronic devices. ---> India is emerging in the field of VLSI.\n"
          ]
        }
      ]
    }
  ]
}